&SOPT
  nsrf =          65
  lesp =    4.0000000000000001E-003
  tesp =    2.9300000000000002E-004
  radi =    50.000000000000000
  nwke =           64
  fdst =    1.0000000000000000
  fwkl =    1.0000000000000000
  fwki =    10.000000000000000
/
&VOPT
  name = 'grid'
  jmax =          65
  slvr = 'HYPR'
  topo = 'OGRD'
  ypls =   0.90000000000000001
  recd =    6000000.0000000000
  cfrc =   0.50000000000000000
  stp1 =         1000
  stp2 =           20
  nrmt =            1
  nrmb =            1
  alfa =    1.0000000000000000
  epsi =    15.000000000000000
  epse =    0.0000000000000000
  funi =   0.20000000000000001
  asmt =           20
/
&OOPT
  gdim =            2
  npln =            2
  dpln =    1.0000000000000000
  f3dm =  F
/
